101 192
9 17
12 17
9 18
11 18
5 19
12 20
9 21
2 22
9 22
14 22
16 22
9 23
5 25
8 28
13 28
18 28
5 29
15 29
23 29
12 30
19 30
22 30
2 32
7 32
16 33
18 34
19 34
7 35
27 35
5 38
2 40
8 40
25 40
31 40
34 40
5 41
36 42
17 43
26 43
4 44
34 44
6 46
14 46
16 48
26 48
43 48
9 49
24 49
29 49
47 49
18 51
29 51
8 52
20 52
30 52
35 53
41 53
1 54
5 54
6 55
52 55
10 56
42 56
2 57
40 57
13 58
25 58
31 58
46 58
4 61
21 61
26 61
52 61
56 61
34 63
40 63
46 63
60 63
21 65
16 67
19 67
25 67
27 67
28 67
59 68
48 69
17 70
33 71
39 71
40 71
47 71
53 71
62 71
57 72
64 72
24 73
38 73
55 73
58 73
22 75
70 75
75 76
17 77
27 77
35 77
54 77
15 78
16 78
22 79
55 79
1 80
44 80
45 80
44 81
67 81
7 82
27 82
46 82
78 82
14 83
37 83
47 83
32 84
47 84
55 84
78 84
47 85
18 86
22 86
25 86
34 86
38 86
44 86
2 87
76 87
78 87
16 88
25 88
26 88
63 88
25 89
28 89
44 89
54 89
73 89
55 90
57 90
72 90
1 91
6 91
31 91
78 91
20 92
45 92
47 92
54 92
63 92
77 92
56 93
36 94
61 94
74 94
79 94
87 94
33 95
43 95
53 95
8 97
28 97
32 97
38 97
50 97
79 97
82 97
88 97
90 97
15 98
49 98
82 98
84 98
89 98
29 99
75 99
9 100
52 100
67 100
80 100
41 101
43 101
47 101
73 101
84 101
1
nc 1 4286611711
2
ec 58 4286611711
nc 54 4286611711
2
ec 59 4286611711
nc 5 4286611711
2
ec 5 4286611711
nc 19 4286611711
2
ec 21 4286611711
nc 30 4286611711
2
ec 20 4286611711
nc 12 4286611711
2
ec 2 4286611711
nc 17 4286611711
2
ec 1 4286611711
nc 9 4286611711
2
ec 3 4286611711
nc 18 4286611711
2
ec 4 4286611711
nc 11 4286611711
2
nc 11 4278190335
ec 4 4278190335
2
ec 16 4286611711
nc 28 4286611711
2
ec 14 4286611711
nc 8 4286611711
2
ec 32 4286611711
nc 40 4286611711
2
ec 31 4286611711
nc 2 4286611711
2
ec 8 4286611711
nc 22 4286611711
2
ec 10 4286611711
nc 14 4286611711
2
ec 43 4286611711
nc 46 4286611711
2
ec 42 4286611711
nc 6 4286611711
2
ec 60 4286611711
nc 55 4286611711
2
ec 61 4286611711
nc 52 4286611711
2
ec 54 4286611711
nc 20 4286611711
2
ec 153 4286611711
nc 92 4286611711
2
ec 154 4286611711
nc 45 4286611711
2
ec 113 4286611711
nc 80 4286611711
2
ec 112 4286611711
nc 44 4286611711
2
ec 40 4286611711
nc 4 4286611711
2
ec 70 4286611711
nc 61 4286611711
2
ec 71 4286611711
nc 21 4286611711
2
ec 79 4286611711
nc 65 4286611711
2
nc 65 4278190335
ec 79 4278190335
2
nc 21 4278190335
ec 71 4278190335
2
ec 72 4286611711
nc 26 4286611711
2
ec 39 4286611711
nc 43 4286611711
2
ec 46 4286611711
nc 48 4286611711
2
ec 44 4286611711
nc 16 4286611711
2
ec 25 4286611711
nc 33 4286611711
2
ec 88 4286611711
nc 71 4286611711
2
ec 89 4286611711
nc 39 4286611711
2
nc 39 4278190335
ec 89 4278190335
2
ec 91 4286611711
nc 47 4286611711
2
ec 50 4286611711
nc 49 4286611711
2
ec 48 4286611711
nc 24 4286611711
2
ec 96 4286611711
nc 73 4286611711
2
ec 97 4286611711
nc 38 4286611711
2
ec 132 4286611711
nc 86 4286611711
2
ec 130 4286611711
nc 25 4286611711
2
ec 67 4286611711
nc 58 4286611711
2
ec 66 4286611711
nc 13 4286611711
2
nc 13 4278190335
ec 66 4278190335
2
ec 68 4286611711
nc 31 4286611711
2
ec 151 4286611711
nc 91 4286611711
2
ec 152 4286611711
nc 78 4286611711
2
ec 107 4286611711
nc 15 4286611711
2
ec 18 4286611711
nc 29 4286611711
2
ec 19 4286611711
nc 23 4286611711
2
nc 23 4278190335
ec 19 4278190335
2
ec 52 4286611711
nc 51 4286611711
2
nc 51 4278190335
ec 52 4278190335
2
ec 182 4286611711
nc 99 4286611711
2
ec 183 4286611711
nc 75 4286611711
2
ec 101 4286611711
nc 70 4286611711
2
nc 70 4278190335
ec 101 4278190335
2
ec 102 4286611711
nc 76 4286611711
2
ec 135 4286611711
nc 87 4286611711
2
ec 164 4286611711
nc 94 4286611711
2
ec 160 4286611711
nc 36 4286611711
2
ec 37 4286611711
nc 42 4286611711
2
ec 63 4286611711
nc 56 4286611711
2
ec 62 4286611711
nc 10 4286611711
2
nc 10 4278190335
ec 62 4278190335
2
ec 159 4286611711
nc 93 4286611711
2
nc 93 4278190335
ec 159 4278190335
2
nc 56 4278190335
ec 63 4278190335
2
nc 42 4278190335
ec 37 4278190335
2
nc 36 4278190335
ec 160 4278190335
2
ec 162 4286611711
nc 74 4286611711
2
nc 74 4278190335
ec 162 4278190335
2
ec 163 4286611711
nc 79 4286611711
2
ec 173 4286611711
nc 97 4286611711
2
ec 170 4286611711
nc 32 4286611711
2
ec 24 4286611711
nc 7 4286611711
2
ec 28 4286611711
nc 35 4286611711
2
ec 29 4286611711
nc 27 4286611711
2
ec 83 4286611711
nc 67 4286611711
2
ec 115 4286611711
nc 81 4286611711
2
nc 81 4278190335
ec 115 4278190335
2
ec 186 4286611711
nc 100 4286611711
2
nc 100 4278190335
ec 186 4278190335
2
nc 67 4278190335
ec 83 4278190335
2
ec 104 4286611711
nc 77 4286611711
2
nc 77 4278190335
ec 104 4278190335
2
ec 117 4286611711
nc 82 4286611711
2
ec 179 4286611711
nc 98 4286611711
2
ec 180 4286611711
nc 84 4286611711
2
ec 192 4286611711
nc 101 4286611711
2
ec 188 4286611711
nc 41 4286611711
2
ec 57 4286611711
nc 53 4286611711
2
ec 167 4286611711
nc 95 4286611711
2
nc 95 4278190335
ec 167 4278190335
2
nc 53 4278190335
ec 57 4278190335
2
nc 41 4278190335
ec 188 4278190335
2
nc 101 4278190335
ec 192 4278190335
2
nc 84 4278190335
ec 180 4278190335
2
ec 181 4286611711
nc 89 4286611711
2
nc 89 4278190335
ec 181 4278190335
2
nc 98 4278190335
ec 179 4278190335
2
nc 82 4278190335
ec 117 4278190335
2
nc 27 4278190335
ec 29 4278190335
2
nc 35 4278190335
ec 28 4278190335
2
nc 7 4278190335
ec 24 4278190335
2
nc 32 4278190335
ec 170 4278190335
2
ec 172 4286611711
nc 50 4286611711
2
nc 50 4278190335
ec 172 4278190335
2
ec 175 4286611711
nc 88 4286611711
2
ec 140 4286611711
nc 63 4286611711
2
ec 75 4286611711
nc 34 4286611711
2
nc 34 4278190335
ec 75 4278190335
2
ec 78 4286611711
nc 60 4286611711
2
nc 60 4278190335
ec 78 4278190335
2
nc 63 4278190335
ec 140 4278190335
2
nc 88 4278190335
ec 175 4278190335
2
ec 176 4286611711
nc 90 4286611711
2
ec 147 4286611711
nc 57 4286611711
2
ec 94 4286611711
nc 72 4286611711
2
ec 95 4286611711
nc 64 4286611711
2
nc 64 4278190335
ec 95 4278190335
2
nc 72 4278190335
ec 94 4278190335
2
nc 57 4278190335
ec 147 4278190335
2
nc 90 4278190335
ec 176 4278190335
2
nc 97 4278190335
ec 173 4278190335
2
nc 79 4278190335
ec 163 4278190335
2
nc 94 4278190335
ec 164 4278190335
2
nc 87 4278190335
ec 135 4278190335
2
nc 76 4278190335
ec 102 4278190335
2
nc 75 4278190335
ec 183 4278190335
2
nc 99 4278190335
ec 182 4278190335
2
nc 29 4278190335
ec 18 4278190335
2
nc 15 4278190335
ec 107 4278190335
2
nc 78 4278190335
ec 152 4278190335
2
nc 91 4278190335
ec 151 4278190335
2
nc 31 4278190335
ec 68 4278190335
2
nc 58 4278190335
ec 67 4278190335
2
nc 25 4278190335
ec 130 4278190335
2
nc 86 4278190335
ec 132 4278190335
2
nc 38 4278190335
ec 97 4278190335
2
nc 73 4278190335
ec 96 4278190335
2
nc 24 4278190335
ec 48 4278190335
2
nc 49 4278190335
ec 50 4278190335
2
ec 122 4286611711
nc 83 4286611711
2
ec 121 4286611711
nc 37 4286611711
2
nc 37 4278190335
ec 121 4278190335
2
nc 83 4278190335
ec 122 4278190335
2
ec 127 4286611711
nc 85 4286611711
2
nc 85 4278190335
ec 127 4278190335
2
nc 47 4278190335
ec 91 4278190335
2
ec 93 4286611711
nc 62 4286611711
2
nc 62 4278190335
ec 93 4278190335
2
nc 71 4278190335
ec 88 4278190335
2
nc 33 4278190335
ec 25 4278190335
2
nc 16 4278190335
ec 44 4278190335
2
ec 86 4286611711
nc 69 4286611711
2
nc 69 4278190335
ec 86 4278190335
2
nc 48 4278190335
ec 46 4278190335
2
nc 43 4278190335
ec 39 4278190335
2
nc 26 4278190335
ec 72 4278190335
2
nc 61 4278190335
ec 70 4278190335
2
nc 4 4278190335
ec 40 4278190335
2
nc 44 4278190335
ec 112 4278190335
2
nc 80 4278190335
ec 113 4278190335
2
nc 45 4278190335
ec 154 4278190335
2
nc 92 4278190335
ec 153 4278190335
2
nc 20 4278190335
ec 54 4278190335
2
nc 52 4278190335
ec 61 4278190335
2
nc 55 4278190335
ec 60 4278190335
2
nc 6 4278190335
ec 42 4278190335
2
nc 46 4278190335
ec 43 4278190335
2
nc 14 4278190335
ec 10 4278190335
2
nc 22 4278190335
ec 8 4278190335
2
nc 2 4278190335
ec 31 4278190335
2
nc 40 4278190335
ec 32 4278190335
2
nc 8 4278190335
ec 14 4278190335
2
nc 28 4278190335
ec 16 4278190335
2
nc 18 4278190335
ec 3 4278190335
2
nc 9 4278190335
ec 1 4278190335
2
nc 17 4278190335
ec 2 4278190335
2
nc 12 4278190335
ec 20 4278190335
2
nc 30 4278190335
ec 21 4278190335
2
nc 19 4278190335
ec 5 4278190335
2
nc 5 4278190335
ec 59 4278190335
2
nc 54 4278190335
ec 58 4278190335
1
nc 1 4278190335
1
nc 3 4286611711
1
nc 3 4278190335
1
nc 59 4286611711
2
ec 85 4286611711
nc 68 4286611711
2
nc 68 4278190335
ec 85 4278190335
1
nc 59 4278190335
1
nc 66 4286611711
1
nc 66 4278190335
1
nc 96 4286611711
1
nc 96 4278190335
